togepi
{file: 'af03251.png', type:'f', graphics: [[48,55,-28,24],[47,55,-28,24],[48,55,-28,24],[47,55,-28,24],[48,55,-28,24],[47,55,-28,24],[48,55,-28,24],[47,55,-28,24],[47,55,-28,24],[47,55,-28,24] ,[47,55,-28,24],[47,55,-28,24],[47,55,-28,24],[47,55,-28,24],[47,55,-28,24],[47,55,-28,24],[47,55,-28,24],[47,55,-28,24],[47,55,-28,24],[47,55,-28,24] ,[47,55,-28,24],[47,55,-28,24],[47,55,-28,24],[47,55,-28,24],[47,55,-28,24],[47,55,-28,24],[47,55,-28,24],[44,55,-28,24]]},



prix background
{file: 'b207209_yHREd.png', type:'1', graphics: [[176,56,-6,0],11]}



SET prix and background 
{file: 'af03632.png', type:'f', graphics: [[93,105,40,58],[91,103,39,56],[90,98,38,54],[89,106,38,61],[88,107,38,61],[89,107,38,60],[105,107,54,59],[105,109,54,59],[106,110,54,58],[107,109,54,57],[105,108,52,56],[105,94,52,54],[105,93,51,52],[104,93,50,50],[102,90,48,47],[101,102,47,58],[104,104,48,58],[106,113,49,64],[108,116,51,64],[107,111,52,62],[88,114,34,64],[88,116,35,64]]},
{file: 'b203134.png', type:'1', graphics: [[176,54,1,0],[176,54,1,0],[176,54,1,0],[176,54,1,0],[176,54,1,0]]},
{file: 'ag03412.png', type:'g', graphics: [[89,90,40,53],[89,90,40,53],[89,90,40,53],[89,90,40,53],[89,90,40,53],[89,90,40,53],[89,90,40,53],[89,90,40,53],[89,90,40,53],[89,90,40,53],[89,90,40,53],[89,90,40,53],[89,90,40,53],[89,90,40,53],[89,90,40,53],[89,90,40,53],[89,90,40,53],[89,90,40,53],[89,90,40,53],[89,90,40,53],[89,90,40,53],[89,90,40,53],[89,90,40,53],[89,90,40,53]]},
{file: 'mh07053.png', type:'h', graphics: [[40,54,8,54],[34,54,10,54],[35,55,11,55],[36,54,12,55],[36,54,13,55],[37,55,14,56],5,[45,55,12,55],2,[45,56,12,56],[44,56,12,56],1,[43,56,12,56],1,[42,57,12,57],2]},
{file: 'mb07055.png', type:'b', graphics: [[26,28,10,6],10]},])



POLLITO FOREGROUND
 {file: 'f204855.png', type:'2', graphics: [[188,34,0,-43],[188,33,0,-44],[188,34,0,-43],[188,34,0,-43],[188,34,0,-43],[188,33,0,-44],[188,34,0,-43],[188,34,0,-43],[188,34,0,-43],[188,33,0,-44],[188,34,0,-43],[188,34,0,-43],[188,34,0,-43],[188,34,0,-43],[188,34,0,-43],[188,34,0,-43]]}
 
 
 
MONEDAS FLOTANDO
{file: 'ag03492.png', type:'g', graphics: [[112,114,50,64],[112,116,50,64],[112,116,50,64],[112,104,50,59],[112,106,50,58],[112,107,50,57],[112,116,50,64],[112,116,50,64],[112,116,50,64],[112,116,50,64],[112,116,50,64],[111,116,49,64],[111,116,49,64],[111,116,49,64],[113,116,51,64],[116,116,54,64],[116,111,54,59],[116,116,54,64],[116,116,54,64],[116,116,54,64],[116,116,54,64],[114,116,54,64]]},


TROFEO DRAGON
{file: 'af04753.png', type:'f', graphics: [[70,70,0,61],9]},
{file: 'b207208_qm9CA.png', type:'1', graphics: [[176,56,-6,0],21]},


pikachu
{file: 'af03094.png', type:'f', graphics: [[25,50,-30,27],[25,50,-30,27],[25,50,-30,27],[25,50,-30,27]]}


cuchillas flotando
{file: 'ag04751.png', type:'g', graphics: [[120,120,30,80],23]},


flag ave pokemon
{file: 'af04306.png', type:'f', graphics: [[105,105,15,78],29]}


flag ave legendaria porkemon 
{file: 'af04307.png', type:'f', graphics: [[75,75,-5,55],19]},

globo dragonbound
{file: 'ag07056.png', type:'g', graphics: [[44,63,37,56],[39,59,35,53],[39,61,34,54],[39,62,34,56],[39,63,34,57],[39,66,34,60],[39,69,34,62],1,[39,68,34,61],[39,67,34,60],1,[57,66,44,59],1,[58,66,44,59],[58,66,43,59],[59,65,43,59],[61,66,43,59],[61,64,42,58],[62,65,42,58],[62,64,42,58],2]},


charmander
{file: 'af03098.png', type:'f', graphics: [[43,45,-27,21],[44,45,-27,21],[44,45,-27,21],[44,45,-27,21],[44,45,-27,21],[44,45,-27,21],[44,45,-27,21],[44,45,-27,21],[44,45,-27,21],[44,45,-27,21],[43,45,-27,21],[43,45,-27,21],[43,45,-27,21],[43,45,-27,21],[43,45,-27,21],[43,45,-27,21],[43,45,-27,21],[43,45,-27,21],[43,45,-27,21],[43,45,-27,21],[43,45,-27,21],[43,45,-27,21],[43,45,-27,21],[43,45,-27,21],[43,45,-27,21],[43,45,-27,21],[43,45,-27,21],[43,45,-27,21],[43,45,-27,21],[43,45,-27,21],[43,45,-27,21],[41,45,-27,21]]}


alas doradas
{file: 'ag07033.png', type:'g', graphics: [[43,31,-13,15],1,[42,30,-13,14],[41,30,-13,14],[38,30,-13,14],[37,30,-13,14],[41,30,-12,14],[43,31,-12,16],[44,35,-12,15],[48,37,-11,14],[52,39,-10,15],[53,42,-11,14],[54,41,-13,14],[57,43,-13,15],[59,39,-13,12],[60,41,-13,12],[61,40,-13,13],[62,42,-13,14],[63,41,-13,14],[64,42,-13,14],[65,45,-13,13],[65,42,-13,13],[43,31,-13,15],1,[42,30,-13,14],[41,30,-13,14],[38,30,-13,14],[37,30,-13,14],[41,30,-12,14],[43,31,-12,16],[44,35,-12,15],[48,37,-11,14],[52,39,-10,15],[53,42,-11,14],[54,41,-13,14],[57,43,-13,15],[59,39,-13,12],[60,41,-13,12],[61,40,-13,13],[62,42,-13,14],[63,41,-13,14],[64,42,-13,14],[65,45,-13,13],[65,42,-13,13]]},


cabeza rara
{file: 'mh07131.png', type:'h', graphics: [[50,50,11,41],10,[50,50,11,42],10]},


sobra azul
{file: 'ag04760.png', type:'g', graphics: [[74,84,30,55],21]}


fondo wanted
 {file: 'b204425.png', type:'1', graphics: [[187,56,0,0],19]}
 
 fondo miniprix 2019
 {file: 'b204775.png', type:'1', graphics: [[176,56,-6,0],9]}
 
 
 dragoncito db
 {file: 'mg07072.png', type:'g', graphics: [[100,100,80,100],20]}
 
 
 avioncitos de papel
 {file: 'f204925.png', type:'2', graphics: [[159,46,0,0],[164,42,0,0],[169,39,0,0],[169,36,0,0],[164,33,0,0],[122,30,0,0],[129,50,0,0],[136,52,0,0],[143,50,0,0]]}
 
 
 fondo pokemon
 {file: 'b203095.png', type:'1', graphics: [[176,54,-6,-2],[176,54,-6,-2],[176,54,-6,-2],[176,54,-6,-2],[176,54,-6,-2],[176,54,-6,-2],[176,54,-6,-2],[176,54,-6,-2],[176,54,-6,-2],[176,54,-6,-2],[176,54,-6,-2],[176,54,-6,-2],[176,54,-6,-2],[176,54,-6,-2],[176,54,-6,-2],[176,54,-6,-2],[176,54,-6,-2],[176,54,-6,-2],[176,54,-6,-2],[176,54,-6,-2],[176,54,-6,-2],[176,54,-6,-2],[176,54,-6,-2],[176,54,-6,-2],[176,54,-6,-2],[176,54,-6,-2],[176,54,-6,-2],[176,54,-6,-2],[176,54,-6,-2],[176,54,-6,-2],[176,54,-6,-2],[176,54,-6,-2],[176,54,-6,-2],[176,54,-6,-2],[176,54,-6,-2],[176,54,-6,-2],[176,54,-6,-2],[176,54,-6,-2],[176,54,-6,-2],[176,54,-6,-2],[176,54,-6,-2],[176,54,-6,-2],[176,54,-6,-2],[176,54,-6,-2],[176,54,-6,-2],[176,54,-6,-2],[176,54,-6,-2],[176,54,-6,-2],[176,54,-6,-2],[176,54,-6,-2]]}
 
 
 
 